%load('pareto_result_sym (n=140,ga).mat')
pareto=[0.245268217588257	0.119672915843426	0.000869635118149414	2.89632443600154	6.16351239133616	0.000869635118149414	3.38686087117805	3.26126556943322	0.000869635118149414	6.03791708959133	3.02191973774637	0.000869635118149414	1.10779761213678	5.48513071141654	0.000178264080077539	2.03379504145302	7.08123990294264	0.000178264080077539	4.24939026572657	8.62672336500633	0.000178264080077539	5.17538769504281	3.93964724935284	0.000178264080077539
1.16047192881112	5.77959059757413	0.394795237374323	1.98112072477867	6.78678001678504	0.394795237374323	4.30206458240092	8.92118325116393	0.394795237374323	5.12271337836847	3.64518736319525	0.394795237374323	0.230593004740587	0.117958538685479	0.000569446467077572	2.91099964884921	6.16522676849411	0.000569446467077572	3.37218565833038	3.25955119227527	0.000569446467077572	6.05259230243900	3.02363411490431	0.000569446467077572
0.310103768093663	1.72517127992808	0.632805520806266	2.83148888549613	4.55801402725151	0.632805520806266	3.45169642168346	4.86676393351787	0.632805520806266	5.97308153908592	1.41642137366172	0.632805520806266	1.21921433160483	6.11121929271945	0.621412637172027	1.92237832198496	6.45515132163972	0.621412637172027	4.36080698519462	9.25281194630925	0.621412637172027	5.06397097557476	3.31355866804993	0.621412637172027
0.375372795111584	4.44751121300638	0.950038909912109	2.76621985847821	8.11885940135279	0.950038909912109	3.51696544870138	7.58910386659617	0.950038909912109	5.90781251206800	4.97726674776300	0.950038909912109	1.09164742202759	3.30506322000027	0.887367069721222	2.04994523156221	9.26130739435891	0.887367069721222	4.23324007561738	6.44665587359006	0.887367069721222	5.19153788515200	6.11971474076911	0.887367069721222
0.355065872563324	4.52350858917236	0.869067109113685	2.78652678102647	8.04286202518681	0.869067109113685	3.49665852615312	7.66510124276216	0.869067109113685	5.92811943461626	4.90126937159702	0.869067109113685	1.13340548248291	3.22401647481918	0.871019244194031	2.00818717110688	9.34235413953999	0.871019244194031	4.27499813607270	6.36560912840898	0.871019244194031	5.14977982469668	6.20076148595020	0.871019244194031
0.353250914536162	4.49302391281128	0.865005493164063	2.78834173905363	8.07334670154789	0.865005493164063	3.49484356812596	7.63461656640107	0.865005493164063	5.92993439264342	4.93175404795810	0.865005493164063	1.12557516069412	3.25048671875000	0.868416019037373	2.01601749289567	9.31588389560917	0.868416019037373	4.26716781428392	6.39207937233979	0.868416019037373	5.15761014648546	6.17429124201938	0.868416019037373
0.344227144718170	4.47789582823137	0.863375339056250	2.79736550887162	8.08847478612781	0.863375339056250	3.48581979830796	7.61948848182116	0.863375339056250	5.93895816246142	4.94688213253802	0.863375339056250	1.12777034015656	3.25399027976990	0.866127804820333	2.01382231343324	9.31238033458928	0.866127804820333	4.26936299374635	6.39558293335969	0.866127804820333	5.15541496702303	6.17078768099948	0.866127804820333
1.12985154768917	3.26712241472928	0.864717908673411	2.01174110590062	9.29924819962989	0.864717908673411	4.27144420127897	6.40871506831908	0.864717908673411	5.15333375949041	6.15765554604010	0.864717908673411	0.325831453769621	4.46911922670525	0.863341784962103	2.81576119982017	8.09725138765392	0.863341784962103	3.46742410735941	7.61071188029504	0.863341784962103	5.95735385340997	4.95565873406413	0.863341784962103
0.280591735839844	4.48500589599609	0.862464904785156	2.86100091774995	8.08136471836308	0.862464904785156	3.42218438942964	7.62659854958589	0.862464904785156	6.00259357133974	4.93977206477329	0.862464904785156	1.14123896331787	3.28422390136719	0.854537963867188	2.00035369027192	9.28214671299199	0.854537963867188	4.28283161690766	6.42581655495698	0.854537963867188	5.14194634386172	6.14055405940219	0.854537963867188
0.0937254524230957	4.63744882812500	0.861572569867297	3.04786720116670	7.92892178623417	0.861572569867297	3.23531810601289	7.77904148171479	0.861572569867297	6.18945985475649	4.78732913264438	0.861572569867297	1.20842114658356	3.25903831634522	0.844326448893373	1.93317150700624	9.30733229801396	0.844326448893373	4.35001380017335	6.40063096993501	0.844326448893373	5.07476416059603	6.16573964442416	0.844326448893373
0.000234375000000002	4.71181420555115	0.858867550572683	3.14135827858979	7.85455640880803	0.858867550572683	3.14182702858979	7.85340685914094	0.858867550572683	6.28295093217959	4.71296375521823	0.858867550572683	1.56111601562500	3.14731012496948	0.831054687500000	1.58047663796479	9.41906048938969	0.831054687500000	4.70270866921479	6.28890277855928	0.831054687500000	4.72206929155459	6.27746783579990	0.831054687500000]

